[[ 2  4  1  8 20]
 [ 1  1  4 15 30]
 [ 4  9  3  9  2]
 [ 5  5  2  3  7]]
elemento para zerar: 1 | linha: 2 coluna: 1|
formula: 2 * [ 1  1  4 15 30] - 1 * [ 2  4  1  8 20][ 2  4  1  8 20]
[[ 2  4  1  8 20]
 [ 0 -2  7 22 40]
 [ 4  9  3  9  2]
 [ 5  5  2  3  7]]
elemento para zerar: 4 | linha: 3 coluna: 1|
formula: 2 * [4 9 3 9 2] - 4 * [ 2  4  1  8 20][ 2  4  1  8 20]
[[  2   4   1   8  20]
 [  0  -2   7  22  40]
 [  0   2   2 -14 -76]
 [  5   5   2   3   7]]
elemento para zerar: 2 | linha: 3 coluna: 2|
formula: -2 * [  0   2   2 -14 -76] - 2 * [ 0 -2  7 22 40][ 2  4  1  8 20]
[[  2   4   1   8  20]
 [  0  -2   7  22  40]
 [  0   0 -18 -16  72]
 [  5   5   2   3   7]]
elemento para zerar: 5 | linha: 4 coluna: 1|
formula: 2 * [5 5 2 3 7] - 5 * [ 2  4  1  8 20][ 2  4  1  8 20]
[[  2   4   1   8  20]
 [  0  -2   7  22  40]
 [  0   0 -18 -16  72]
 [  0 -10  -1 -34 -86]]
elemento para zerar: -10 | linha: 4 coluna: 2|
formula: -2 * [  0 -10  -1 -34 -86] - -10 * [ 0 -2  7 22 40][ 2  4  1  8 20]
[[  2   4   1   8  20]
 [  0  -2   7  22  40]
 [  0   0 -18 -16  72]
 [  0   0  72 288 572]]
elemento para zerar: 72 | linha: 4 coluna: 3|
formula: -18 * [  0   0  72 288 572] - 72 * [  0   0 -18 -16  72][ 2  4  1  8 20]
[[     2      4      1      8     20]
 [     0     -2      7     22     40]
 [     0      0    -18    -16     72]
 [     0      0      0  -4032 -15480]]
---------------------------- ESCALONAMENTO FINALIZADO! ----------------------------